0.000734634490505586
0.0017093926535180419
0.0026839253715534818
0.0036559612013263377
0.004624450063422136
0.005588428003865542
0.006546948450845283
0.007499073255464732
0.00844387146966898
0.009380419653694424
0.010307802574868971
0.011225114023185965
0.012131457662979434
0.013025947892971545
0.013907710703718787
0.01477588452744133
0.015629621077546063
0.016468086176145195
0.017290460568323594
0.018095940722128157
0.01888373961337489
0.019653087494435326
0.020403232646209465
0.021133442112527694
0.021843002416247325
0.02253122025633631
0.023197423185254144
0.023840960265968186
0.02446120270795705
0.02505754448157963
0.025629402910208147
0.02617621923954569
0.02669745918357095
0.0271926134465769
0.027661198220792365
0.028102755659101173
0.02851685432239515
0.028903089601125222
0.029261084110638276
0.029590488059912635
0.02989097959333288
0.03016226510516912
0.030404079526454877
0.030616186583980493
0.03079837903115259
0.030950478850491056
0.031072337427566512
0.03116383569620994
0.0312248842548493
0.03125542345386334
0.03125542345386334
0.031224884254849355
0.03116383569620994
0.031072337427566554
0.030950478850491056
0.03079837903115259
0.030616186583980493
0.030404079526454877
0.03016226510516912
0.02989097959333288
0.029590488059912635
0.029261084110638276
0.028903089601125222
0.02851685432239515
0.028102755659101173
0.027661198220792365
0.0271926134465769
0.02669745918357095
0.02617621923954569
0.025629402910208147
0.02505754448157963
0.02446120270795705
0.023840960265968186
0.023197423185254144
0.02253122025633631
0.021843002416247325
0.021133442112527694
0.020403232646209465
0.019653087494435326
0.01888373961337489
0.018095940722128157
0.017290460568323594
0.016468086176145195
0.015629621077546063
0.01477588452744133
0.013907710703718787
0.013025947892971545
0.012131457662979434
0.011225114023185965
0.010307802574868971
0.009380419653694424
0.00844387146966898
0.007499073255464732
0.006546948450845283
0.005588428003865542
0.004624450063422136
0.0036559612013263377
0.0026839253715534818
0.0017093926535180419
0.000734634490505586