0.999997
0.999985
0.999963
0.999931
0.999889
0.999837
0.999775
0.999704
0.999622
0.999531
0.99943
0.999319
0.999199
0.999068
0.998928
0.998777
0.998617
0.998447
0.998267
0.998078
0.997878
0.997669
0.997449
0.99722
0.996982
0.996733
0.996474
0.996206
0.995928
0.99564
0.995342
0.995034
0.994717
0.99439
0.994053
0.993706
0.993349
0.992983
0.992606
0.99222
0.991825
0.991419
0.991004
0.990579
0.990144
0.989699
0.989245
0.988781
0.988307
0.987823
0.98733
0.986826
0.986314
0.985791
0.985259
0.984717
0.984165
0.983603
0.983032
0.982451
0.981861
0.981261
0.980651
0.980031
0.979402
0.978763
0.978115
0.977457
0.976789
0.976111
0.975424
0.974728
0.974021
0.973306
0.97258
0.971845
0.9711
0.970346
0.969582
0.968809
0.968026
0.967234
0.966432
0.96562
0.964799
0.963969
0.963129
0.962279
0.96142
0.960552
0.959674
0.958786
0.957889
0.956983
0.956067
0.955142
0.954207
0.953263
0.95231
0.951347
0.950375
0.949393
0.948402
0.947402
0.946392
0.945374
0.944345
0.943308
0.942261
0.941205
0.940139
0.939064
0.93798
0.936887
0.935785
0.934673
0.933552
0.932422
0.931283
0.930134
0.928977
0.92781
0.926634
0.925449
0.924254
0.923051
0.921839
0.920617
0.919387
0.918147
0.916898
0.91564
0.914374
0.913098
0.911813
0.910519
0.909216
0.907905
0.906584
0.905254
0.903916
0.902568
0.901212
0.899847
0.898473
0.89709
0.895698
0.894297
0.892888
0.891469
0.890042
0.888606
0.887162
0.885708
0.884246
0.882775
0.881296
0.879808
0.878311
0.876805
0.875291
0.873768
0.872237
0.870697
0.869148
0.867591
0.866025
0.864451
0.862868
0.861277
0.859677
0.858069
0.856452
0.854827
0.853193
0.851551
0.849901
0.848242
0.846575
0.844899
0.843216
0.841523
0.839823
0.838114
0.836397
0.834672
0.832939
0.831197
0.829447
0.827689
0.825923
0.824148
0.822366
0.820575
0.818777
0.81697
0.815155
0.813332
0.811501
0.809662
0.807816
0.805961
0.804098
0.802227
0.800349
0.798462
0.796568
0.794666
0.792756
0.790838
0.788912
0.786979
0.785037
0.783088
0.781132
0.779167
0.777195
0.775216
0.773228
0.771233
0.769231
0.76722
0.765203
0.763177
0.761145
0.759104
0.757057
0.755001
0.752939
0.750868
0.748791
0.746706
0.744614
0.742514
0.740407
0.738293
0.736171
0.734043
0.731907
0.729763
0.727613
0.725455
0.723291
0.721119
0.71894
0.716754
0.71456
0.71236
0.710153
0.707939
0.705718
0.703489
0.701254
0.699012
0.696763
0.694508
0.692245
0.689976
0.687699
0.685416
0.683127
0.68083
0.678527
0.676217
0.6739
0.671577
0.669247
0.666911
0.664568
0.662218
0.659862
0.657499
0.65513
0.652755
0.650373
0.647984
0.64559
0.643188
0.640781
0.638367
0.635947
0.633521
0.631088
0.628649
0.626204
0.623753
0.621295
0.618832
0.616362
0.613887
0.611405
0.608917
0.606423
0.603924
0.601418
0.598906
0.596389
0.593865
0.591336
0.588801
0.58626
0.583713
0.581161
0.578603
0.576039
0.573469
0.570894
0.568313
0.565727
0.563135
0.560537
0.557934
0.555325
0.552711
0.550092
0.547467
0.544836
0.542201
0.53956
0.536913
0.534262
0.531605
0.528942
0.526275
0.523602
0.520925
0.518242
0.515554
0.512861
0.510163
0.507459
0.504751
0.502038
0.49932
0.496597
0.493869
0.491136
0.488399
0.485656
0.482909
0.480157
0.4774
0.474639
0.471873
0.469102
0.466326
0.463546
0.460762
0.457973
0.455179
0.452381
0.449578
0.446771
0.44396
0.441144
0.438324
0.4355
0.432671
0.429838
0.427001
0.424159
0.421313
0.418464
0.41561
0.412752
0.40989
0.407023
0.404153
0.401279
0.398401
0.395519
0.392633
0.389743
0.38685
0.383952
0.381051
0.378146
0.375237
0.372325
0.369409
0.366489
0.363566
0.360639
0.357708
0.354774
0.351837
0.348896
0.345951
0.343003
0.340052
0.337098
0.33414
0.331179
0.328214
0.325246
0.322276
0.319301
0.316324
0.313344
0.31036
0.307374
0.304384
0.301392
0.298396
0.295398
0.292397
0.289392
0.286385
0.283375
0.280363
0.277347
0.274329
0.271308
0.268285
0.265258
0.26223
0.259198
0.256164
0.253128
0.250089
0.247047
0.244003
0.240957
0.237908
0.234857
0.231804
0.228748
0.22569
0.22263
0.219568
0.216503
0.213437
0.210368
0.207297
0.204225
0.20115
0.198073
0.194994
0.191913
0.188831
0.185746
0.18266
0.179572
0.176482
0.17339
0.170297
0.167202
0.164106
0.161007
0.157907
0.154806
0.151703
0.148599
0.145493
0.142385
0.139277
0.136167
0.133055
0.129942
0.126828
0.123713
0.120597
0.117479
0.11436
0.11124
0.108119
0.104997
0.101874
0.0987495
0.0956243
0.0924982
0.0893712
0.0862433
0.0831146
0.079985
0.0768547
0.0737236
0.0705917
0.0674592
0.064326
0.0611922
0.0580577
0.0549227
0.0517872
0.0486511
0.0455146
0.0423776
0.0392402
0.0361024
0.0329643
0.0298258
0.026687
0.023548
0.0204087
0.0172693
0.0141296
0.0109899
0.00784998
0.00471002
0.00157001
-0.00157001
-0.00471002
-0.00784998
-0.0109899
-0.0141296
-0.0172693
-0.0204087
-0.023548
-0.026687
-0.0298258
-0.0329643
-0.0361024
-0.0392402
-0.0423776
-0.0455146
-0.0486511
-0.0517872
-0.0549227
-0.0580577
-0.0611922
-0.064326
-0.0674592
-0.0705917
-0.0737236
-0.0768547
-0.079985
-0.0831146
-0.0862433
-0.0893712
-0.0924982
-0.0956243
-0.0987495
-0.101874
-0.104997
-0.108119
-0.11124
-0.11436
-0.117479
-0.120597
-0.123713
-0.126828
-0.129942
-0.133055
-0.136167
-0.139277
-0.142385
-0.145493
-0.148599
-0.151703
-0.154806
-0.157907
-0.161007
-0.164106
-0.167202
-0.170297
-0.17339
-0.176482
-0.179572
-0.18266
-0.185746
-0.188831
-0.191913
-0.194994
-0.198073
-0.20115
-0.204225
-0.207297
-0.210368
-0.213437
-0.216503
-0.219568
-0.22263
-0.22569
-0.228748
-0.231804
-0.234857
-0.237908
-0.240957
-0.244003
-0.247047
-0.250089
-0.253128
-0.256164
-0.259198
-0.26223
-0.265258
-0.268285
-0.271308
-0.274329
-0.277347
-0.280363
-0.283375
-0.286385
-0.289392
-0.292397
-0.295398
-0.298396
-0.301392
-0.304384
-0.307374
-0.31036
-0.313344
-0.316324
-0.319301
-0.322276
-0.325246
-0.328214
-0.331179
-0.33414
-0.337098
-0.340052
-0.343003
-0.345951
-0.348896
-0.351837
-0.354774
-0.357708
-0.360639
-0.363566
-0.366489
-0.369409
-0.372325
-0.375237
-0.378146
-0.381051
-0.383952
-0.38685
-0.389743
-0.392633
-0.395519
-0.398401
-0.401279
-0.404153
-0.407023
-0.40989
-0.412752
-0.41561
-0.418464
-0.421313
-0.424159
-0.427001
-0.429838
-0.432671
-0.4355
-0.438324
-0.441144
-0.44396
-0.446771
-0.449578
-0.452381
-0.455179
-0.457973
-0.460762
-0.463546
-0.466326
-0.469102
-0.471873
-0.474639
-0.4774
-0.480157
-0.482909
-0.485656
-0.488399
-0.491136
-0.493869
-0.496597
-0.49932
-0.502038
-0.504751
-0.507459
-0.510163
-0.512861
-0.515554
-0.518242
-0.520925
-0.523602
-0.526275
-0.528942
-0.531605
-0.534262
-0.536913
-0.53956
-0.542201
-0.544836
-0.547467
-0.550092
-0.552711
-0.555325
-0.557934
-0.560537
-0.563135
-0.565727
-0.568313
-0.570894
-0.573469
-0.576039
-0.578603
-0.581161
-0.583713
-0.58626
-0.588801
-0.591336
-0.593865
-0.596389
-0.598906
-0.601418
-0.603924
-0.606423
-0.608917
-0.611405
-0.613887
-0.616362
-0.618832
-0.621295
-0.623753
-0.626204
-0.628649
-0.631088
-0.633521
-0.635947
-0.638367
-0.640781
-0.643188
-0.64559
-0.647984
-0.650373
-0.652755
-0.65513
-0.657499
-0.659862
-0.662218
-0.664568
-0.666911
-0.669247
-0.671577
-0.6739
-0.676217
-0.678527
-0.68083
-0.683127
-0.685416
-0.687699
-0.689976
-0.692245
-0.694508
-0.696763
-0.699012
-0.701254
-0.703489
-0.705718
-0.707939
-0.710153
-0.71236
-0.71456
-0.716754
-0.71894
-0.721119
-0.723291
-0.725455
-0.727613
-0.729763
-0.731907
-0.734043
-0.736171
-0.738293
-0.740407
-0.742514
-0.744614
-0.746706
-0.748791
-0.750868
-0.752939
-0.755001
-0.757057
-0.759104
-0.761145
-0.763177
-0.765203
-0.76722
-0.769231
-0.771233
-0.773228
-0.775216
-0.777195
-0.779167
-0.781132
-0.783088
-0.785037
-0.786979
-0.788912
-0.790838
-0.792756
-0.794666
-0.796568
-0.798462
-0.800349
-0.802227
-0.804098
-0.805961
-0.807816
-0.809662
-0.811501
-0.813332
-0.815155
-0.81697
-0.818777
-0.820575
-0.822366
-0.824148
-0.825923
-0.827689
-0.829447
-0.831197
-0.832939
-0.834672
-0.836397
-0.838114
-0.839823
-0.841523
-0.843216
-0.844899
-0.846575
-0.848242
-0.849901
-0.851551
-0.853193
-0.854827
-0.856452
-0.858069
-0.859677
-0.861277
-0.862868
-0.864451
-0.866025
-0.867591
-0.869148
-0.870697
-0.872237
-0.873768
-0.875291
-0.876805
-0.878311
-0.879808
-0.881296
-0.882775
-0.884246
-0.885708
-0.887162
-0.888606
-0.890042
-0.891469
-0.892888
-0.894297
-0.895698
-0.89709
-0.898473
-0.899847
-0.901212
-0.902568
-0.903916
-0.905254
-0.906584
-0.907905
-0.909216
-0.910519
-0.911813
-0.913098
-0.914374
-0.91564
-0.916898
-0.918147
-0.919387
-0.920617
-0.921839
-0.923051
-0.924254
-0.925449
-0.926634
-0.92781
-0.928977
-0.930134
-0.931283
-0.932422
-0.933552
-0.934673
-0.935785
-0.936887
-0.93798
-0.939064
-0.940139
-0.941205
-0.942261
-0.943308
-0.944345
-0.945374
-0.946392
-0.947402
-0.948402
-0.949393
-0.950375
-0.951347
-0.95231
-0.953263
-0.954207
-0.955142
-0.956067
-0.956983
-0.957889
-0.958786
-0.959674
-0.960552
-0.96142
-0.962279
-0.963129
-0.963969
-0.964799
-0.96562
-0.966432
-0.967234
-0.968026
-0.968809
-0.969582
-0.970346
-0.9711
-0.971845
-0.97258
-0.973306
-0.974021
-0.974728
-0.975424
-0.976111
-0.976789
-0.977457
-0.978115
-0.978763
-0.979402
-0.980031
-0.980651
-0.981261
-0.981861
-0.982451
-0.983032
-0.983603
-0.984165
-0.984717
-0.985259
-0.985791
-0.986314
-0.986826
-0.98733
-0.987823
-0.988307
-0.988781
-0.989245
-0.989699
-0.990144
-0.990579
-0.991004
-0.991419
-0.991825
-0.99222
-0.992606
-0.992983
-0.993349
-0.993706
-0.994053
-0.99439
-0.994717
-0.995034
-0.995342
-0.99564
-0.995928
-0.996206
-0.996474
-0.996733
-0.996982
-0.99722
-0.997449
-0.997669
-0.997878
-0.998078
-0.998267
-0.998447
-0.998617
-0.998777
-0.998928
-0.999068
-0.999199
-0.999319
-0.99943
-0.999531
-0.999622
-0.999704
-0.999775
-0.999837
-0.999889
-0.999931
-0.999963
-0.999985
-0.999997
