0.9982377097105593
0.990726238699457
0.9772599499837743
0.9579168192137917
0.9328128082786765
0.9020988069688743
0.8659595032122595
0.8246122308333117
0.7783056514265194
0.7273182551899271
0.6719566846141796
0.6125538896679802
0.5494671250951282
0.4830758016861787
0.413779204371605
0.3419940908257585
0.2681521850072537
0.1926975807013711
0.11608407067525521
0.038772417506050816
-0.038772417506050816
-0.11608407067525521
-0.1926975807013711
-0.2681521850072537
-0.3419940908257585
-0.413779204371605
-0.4830758016861787
-0.5494671250951282
-0.6125538896679802
-0.6719566846141796
-0.7273182551899271
-0.7783056514265194
-0.8246122308333117
-0.8659595032122595
-0.9020988069688743
-0.9328128082786765
-0.9579168192137917
-0.9772599499837743
-0.990726238699457
-0.9982377097105593
