7.41334e-006
1.72568e-005
2.71146e-005
3.69734e-005
4.68322e-005
5.66905e-005
6.65483e-005
7.64055e-005
8.62619e-005
9.61175e-005
0.000105972
0.000115826
0.000125678
0.000135529
0.000145379
0.000155228
0.000165075
0.00017492
0.000184763
0.000194605
0.000204445
0.000214283
0.000224118
0.000233952
0.000243783
0.000253612
0.000263438
0.000273262
0.000283083
0.000292901
0.000302716
0.000312528
0.000322338
0.000332144
0.000341947
0.000351746
0.000361542
0.000371334
0.000381123
0.000390908
0.000400689
0.000410466
0.000420239
0.000430008
0.000439773
0.000449533
0.000459289
0.000469041
0.000478787
0.000488529
0.000498267
0.000507999
0.000517726
0.000527449
0.000537166
0.000546877
0.000556584
0.000566285
0.00057598
0.000585669
0.000595353
0.000605031
0.000614703
0.000624369
0.000634029
0.000643682
0.00065333
0.00066297
0.000672604
0.000682232
0.000691853
0.000701467
0.000711074
0.000720674
0.000730267
0.000739853
0.000749431
0.000759002
0.000768566
0.000778122
0.00078767
0.000797211
0.000806744
0.000816268
0.000825785
0.000835294
0.000844794
0.000854286
0.00086377
0.000873245
0.000882711
0.000892169
0.000901618
0.000911058
0.000920489
0.000929911
0.000939324
0.000948728
0.000958122
0.000967507
0.000976882
0.000986248
0.000995603
0.00100495
0.00101429
0.00102361
0.00103293
0.00104223
0.00105153
0.00106081
0.00107009
0.00107935
0.00108861
0.00109785
0.00110708
0.0011163
0.00112551
0.00113471
0.0011439
0.00115308
0.00116224
0.0011714
0.00118054
0.00118967
0.00119879
0.00120789
0.00121699
0.00122607
0.00123514
0.0012442
0.00125325
0.00126228
0.0012713
0.00128031
0.00128931
0.00129829
0.00130727
0.00131622
0.00132517
0.0013341
0.00134302
0.00135193
0.00136082
0.0013697
0.00137856
0.00138741
0.00139625
0.00140508
0.00141389
0.00142268
0.00143147
0.00144024
0.00144899
0.00145773
0.00146646
0.00147517
0.00148386
0.00149255
0.00150121
0.00150987
0.0015185
0.00152713
0.00153573
0.00154433
0.0015529
0.00156146
0.00157001
0.00157854
0.00158706
0.00159556
0.00160404
0.00161251
0.00162096
0.0016294
0.00163782
0.00164622
0.00165461
0.00166298
0.00167134
0.00167968
0.001688
0.0016963
0.00170459
0.00171287
0.00172112
0.00172936
0.00173758
0.00174578
0.00175397
0.00176214
0.00177029
0.00177843
0.00178654
0.00179464
0.00180273
0.00181079
0.00181884
0.00182686
0.00183487
0.00184287
0.00185084
0.0018588
0.00186673
0.00187465
0.00188255
0.00189043
0.0018983
0.00190614
0.00191397
0.00192177
0.00192956
0.00193733
0.00194508
0.00195281
0.00196052
0.00196822
0.00197589
0.00198354
0.00199118
0.00199879
0.00200638
0.00201396
0.00202151
0.00202905
0.00203656
0.00204406
0.00205153
0.00205899
0.00206642
0.00207383
0.00208123
0.0020886
0.00209595
0.00210328
0.00211059
0.00211788
0.00212515
0.0021324
0.00213963
0.00214683
0.00215402
0.00216118
0.00216832
0.00217544
0.00218254
0.00218962
0.00219668
0.00220371
0.00221072
0.00221772
0.00222468
0.00223163
0.00223856
0.00224546
0.00225234
0.0022592
0.00226604
0.00227285
0.00227964
0.00228641
0.00229316
0.00229988
0.00230658
0.00231326
0.00231992
0.00232655
0.00233316
0.00233975
0.00234631
0.00235285
0.00235937
0.00236587
0.00237234
0.00237878
0.00238521
0.00239161
0.00239799
0.00240434
0.00241067
0.00241698
0.00242326
0.00242952
0.00243575
0.00244196
0.00244815
0.00245431
0.00246045
0.00246656
0.00247265
0.00247872
0.00248476
0.00249077
0.00249676
0.00250273
0.00250867
0.00251459
0.00252048
0.00252635
0.00253219
0.00253801
0.0025438
0.00254957
0.00255531
0.00256103
0.00256672
0.00257239
0.00257803
0.00258365
0.00258924
0.0025948
0.00260034
0.00260586
0.00261135
0.00261681
0.00262225
0.00262766
0.00263304
0.0026384
0.00264373
0.00264904
0.00265432
0.00265958
0.0026648
0.00267001
0.00267518
0.00268033
0.00268545
0.00269055
0.00269562
0.00270066
0.00270568
0.00271067
0.00271563
0.00272057
0.00272548
0.00273036
0.00273522
0.00274005
0.00274485
0.00274963
0.00275437
0.00275909
0.00276379
0.00276845
0.00277309
0.0027777
0.00278229
0.00278684
0.00279137
0.00279588
0.00280035
0.0028048
0.00280922
0.00281361
0.00281797
0.00282231
0.00282661
0.00283089
0.00283515
0.00283937
0.00284357
0.00284773
0.00285187
0.00285599
0.00286007
0.00286412
0.00286815
0.00287215
0.00287612
0.00288006
0.00288398
0.00288786
0.00289172
0.00289555
0.00289935
0.00290312
0.00290686
0.00291058
0.00291426
0.00291792
0.00292155
0.00292515
0.00292872
0.00293226
0.00293577
0.00293925
0.00294271
0.00294613
0.00294953
0.0029529
0.00295624
0.00295954
0.00296282
0.00296608
0.0029693
0.00297249
0.00297565
0.00297879
0.00298189
0.00298496
0.00298801
0.00299103
0.00299401
0.00299697
0.0029999
0.00300279
0.00300566
0.0030085
0.00301131
0.00301409
0.00301684
0.00301956
0.00302225
0.00302491
0.00302754
0.00303014
0.00303271
0.00303525
0.00303776
0.00304024
0.00304269
0.00304511
0.0030475
0.00304986
0.0030522
0.0030545
0.00305677
0.00305901
0.00306122
0.0030634
0.00306555
0.00306767
0.00306976
0.00307181
0.00307384
0.00307584
0.00307781
0.00307975
0.00308166
0.00308353
0.00308538
0.00308719
0.00308898
0.00309074
0.00309246
0.00309416
0.00309582
0.00309745
0.00309906
0.00310063
0.00310217
0.00310368
0.00310516
0.00310661
0.00310803
0.00310942
0.00311078
0.0031121
0.0031134
0.00311467
0.0031159
0.00311711
0.00311828
0.00311942
0.00312053
0.00312162
0.00312267
0.00312369
0.00312467
0.00312563
0.00312656
0.00312746
0.00312832
0.00312916
0.00312996
0.00313074
0.00313148
0.00313219
0.00313287
0.00313352
0.00313414
0.00313473
0.00313528
0.00313581
0.0031363
0.00313677
0.0031372
0.0031376
0.00313798
0.00313832
0.00313863
0.0031389
0.00313915
0.00313937
0.00313955
0.00313971
0.00313983
0.00313993
0.00313999
0.00314002
0.00314002
0.00313999
0.00313993
0.00313983
0.00313971
0.00313955
0.00313937
0.00313915
0.0031389
0.00313863
0.00313832
0.00313798
0.0031376
0.0031372
0.00313677
0.0031363
0.00313581
0.00313528
0.00313473
0.00313414
0.00313352
0.00313287
0.00313219
0.00313148
0.00313074
0.00312996
0.00312916
0.00312832
0.00312746
0.00312656
0.00312563
0.00312467
0.00312369
0.00312267
0.00312162
0.00312053
0.00311942
0.00311828
0.00311711
0.0031159
0.00311467
0.0031134
0.0031121
0.00311078
0.00310942
0.00310803
0.00310661
0.00310516
0.00310368
0.00310217
0.00310063
0.00309906
0.00309745
0.00309582
0.00309416
0.00309246
0.00309074
0.00308898
0.00308719
0.00308538
0.00308353
0.00308166
0.00307975
0.00307781
0.00307584
0.00307384
0.00307181
0.00306976
0.00306767
0.00306555
0.0030634
0.00306122
0.00305901
0.00305677
0.0030545
0.0030522
0.00304986
0.0030475
0.00304511
0.00304269
0.00304024
0.00303776
0.00303525
0.00303271
0.00303014
0.00302754
0.00302491
0.00302225
0.00301956
0.00301684
0.00301409
0.00301131
0.0030085
0.00300566
0.00300279
0.0029999
0.00299697
0.00299401
0.00299103
0.00298801
0.00298496
0.00298189
0.00297879
0.00297565
0.00297249
0.0029693
0.00296608
0.00296282
0.00295954
0.00295624
0.0029529
0.00294953
0.00294613
0.00294271
0.00293925
0.00293577
0.00293226
0.00292872
0.00292515
0.00292155
0.00291792
0.00291426
0.00291058
0.00290686
0.00290312
0.00289935
0.00289555
0.00289172
0.00288786
0.00288398
0.00288006
0.00287612
0.00287215
0.00286815
0.00286412
0.00286007
0.00285599
0.00285187
0.00284773
0.00284357
0.00283937
0.00283515
0.00283089
0.00282661
0.00282231
0.00281797
0.00281361
0.00280922
0.0028048
0.00280035
0.00279588
0.00279137
0.00278684
0.00278229
0.0027777
0.00277309
0.00276845
0.00276379
0.00275909
0.00275437
0.00274963
0.00274485
0.00274005
0.00273522
0.00273036
0.00272548
0.00272057
0.00271563
0.00271067
0.00270568
0.00270066
0.00269562
0.00269055
0.00268545
0.00268033
0.00267518
0.00267001
0.0026648
0.00265958
0.00265432
0.00264904
0.00264373
0.0026384
0.00263304
0.00262766
0.00262225
0.00261681
0.00261135
0.00260586
0.00260034
0.0025948
0.00258924
0.00258365
0.00257803
0.00257239
0.00256672
0.00256103
0.00255531
0.00254957
0.0025438
0.00253801
0.00253219
0.00252635
0.00252048
0.00251459
0.00250867
0.00250273
0.00249676
0.00249077
0.00248476
0.00247872
0.00247265
0.00246656
0.00246045
0.00245431
0.00244815
0.00244196
0.00243575
0.00242952
0.00242326
0.00241698
0.00241067
0.00240434
0.00239799
0.00239161
0.00238521
0.00237878
0.00237234
0.00236587
0.00235937
0.00235285
0.00234631
0.00233975
0.00233316
0.00232655
0.00231992
0.00231326
0.00230658
0.00229988
0.00229316
0.00228641
0.00227964
0.00227285
0.00226604
0.0022592
0.00225234
0.00224546
0.00223856
0.00223163
0.00222468
0.00221772
0.00221072
0.00220371
0.00219668
0.00218962
0.00218254
0.00217544
0.00216832
0.00216118
0.00215402
0.00214683
0.00213963
0.0021324
0.00212515
0.00211788
0.00211059
0.00210328
0.00209595
0.0020886
0.00208123
0.00207383
0.00206642
0.00205899
0.00205153
0.00204406
0.00203656
0.00202905
0.00202151
0.00201396
0.00200638
0.00199879
0.00199118
0.00198354
0.00197589
0.00196822
0.00196052
0.00195281
0.00194508
0.00193733
0.00192956
0.00192177
0.00191397
0.00190614
0.0018983
0.00189043
0.00188255
0.00187465
0.00186673
0.0018588
0.00185084
0.00184287
0.00183487
0.00182686
0.00181884
0.00181079
0.00180273
0.00179464
0.00178654
0.00177843
0.00177029
0.00176214
0.00175397
0.00174578
0.00173758
0.00172936
0.00172112
0.00171287
0.00170459
0.0016963
0.001688
0.00167968
0.00167134
0.00166298
0.00165461
0.00164622
0.00163782
0.0016294
0.00162096
0.00161251
0.00160404
0.00159556
0.00158706
0.00157854
0.00157001
0.00156146
0.0015529
0.00154433
0.00153573
0.00152713
0.0015185
0.00150987
0.00150121
0.00149255
0.00148386
0.00147517
0.00146646
0.00145773
0.00144899
0.00144024
0.00143147
0.00142268
0.00141389
0.00140508
0.00139625
0.00138741
0.00137856
0.0013697
0.00136082
0.00135193
0.00134302
0.0013341
0.00132517
0.00131622
0.00130727
0.00129829
0.00128931
0.00128031
0.0012713
0.00126228
0.00125325
0.0012442
0.00123514
0.00122607
0.00121699
0.00120789
0.00119879
0.00118967
0.00118054
0.0011714
0.00116224
0.00115308
0.0011439
0.00113471
0.00112551
0.0011163
0.00110708
0.00109785
0.00108861
0.00107935
0.00107009
0.00106081
0.00105153
0.00104223
0.00103293
0.00102361
0.00101429
0.00100495
0.000995603
0.000986248
0.000976882
0.000967507
0.000958122
0.000948728
0.000939324
0.000929911
0.000920489
0.000911058
0.000901618
0.000892169
0.000882711
0.000873245
0.00086377
0.000854286
0.000844794
0.000835294
0.000825785
0.000816268
0.000806744
0.000797211
0.00078767
0.000778122
0.000768566
0.000759002
0.000749431
0.000739853
0.000730267
0.000720674
0.000711074
0.000701467
0.000691853
0.000682232
0.000672604
0.00066297
0.00065333
0.000643682
0.000634029
0.000624369
0.000614703
0.000605031
0.000595353
0.000585669
0.00057598
0.000566285
0.000556584
0.000546877
0.000537166
0.000527449
0.000517726
0.000507999
0.000498267
0.000488529
0.000478787
0.000469041
0.000459289
0.000449533
0.000439773
0.000430008
0.000420239
0.000410466
0.000400689
0.000390908
0.000381123
0.000371334
0.000361542
0.000351746
0.000341947
0.000332144
0.000322338
0.000312528
0.000302716
0.000292901
0.000283083
0.000273262
0.000263438
0.000253612
0.000243783
0.000233952
0.000224118
0.000214283
0.000204445
0.000194605
0.000184763
0.00017492
0.000165075
0.000155228
0.000145379
0.000135529
0.000125678
0.000115826
0.000105972
9.61175e-005
8.62619e-005
7.64055e-005
6.65483e-005
5.66905e-005
4.68322e-005
3.69734e-005
2.71146e-005
1.72568e-005
7.41334e-006