0.004521277098533099
0.010498284531152905
0.016421058381907876
0.022245849194166886
0.02793700698002337
0.033460195282547865
0.03878216797447209
0.04387090818567334
0.04869580763507221
0.053227846983936795
0.05743976909939157
0.061306242492928924
0.0648040134566011
0.06791204581523393
0.07061164739128681
0.07288658239580408
0.07472316905796834
0.07611036190062617
0.07703981816424803
0.0775059479784248
0.0775059479784248
0.07703981816424803
0.07611036190062617
0.07472316905796834
0.07288658239580408
0.07061164739128681
0.06791204581523393
0.0648040134566011
0.061306242492928924
0.05743976909939157
0.053227846983936795
0.04869580763507221
0.04387090818567334
0.03878216797447209
0.033460195282547865
0.02793700698002337
0.022245849194166886
0.016421058381907876
0.010498284531152905
0.004521277098533099
